[
[
  1,  2,  2,  2,  2,  2,  2,  2,  2,  2,  2,  2,  2,  3],
[
  1,  0,120,  0,  0,  0,120,  0,  0,  0,  0,120,  0,  3],
[
  1, 20,  0,  0,  0,  0,  0,  0,  0,  0,  0,  0,-20,  3],
[
  1,  0,  0,  0,  0,  0,  0,  0,  0,  0,  0,  0,  0,  3],
[
  1,  0,  0,  0,  0,  0,  0,  0,  0,  0,  0,  0,  0,  3],
[
  1,  0,  0,  0,  0,  0,  0,  0,  0,  0,  0,  0,  0,  3],
[
  1, 20,  0,  0,  0, 30,  0,  0,  0,  0,  0,  0,-20,  3],
[
  1,  0,  0,  0,  0,  0,  0,  0,  0,  0,  0,  0,  0,  3],
[
  1,  0,  0,  0,  0,  0,  0,  0,  0,  0,  0,  0,  0,  3],
[
  1,  0,  0,  0,  0,  0,  0,  0,  0,  0,  0,  0,  0,  3],
[
  1,  0,  0,  0,  0,  0,  0,  0,  0,  0,  0,  0,  0,  3],
[
  1, 20,  0,  0,  0,  0,  0,  0,  0,  0,  0,  0,-20,  3],
[
  1,  0, 10,  0,  0,  0, 10,  0,  0,  0,  0, 10,  0,  3],
[
 11, 12, 12, 12, 12, 12, 12, 12, 12, 12, 12, 12, 12, 13],
]; 